25.00 1.53935550 11.00 1.43266581
5.00 -1.77517128 17.00 -0.61437868
10.00 -0.95623873 14.00 -0.16777374
13.00 -2.77841252 12.00 -0.57049613
11.00 -2.17686647 9.00 1.38146588
14.00 -2.02893080 15.00 -3.08715594
15.00 -0.60068247 9.00 -1.30249862
13.00 -3.11401750 11.00 -2.69060129
7.00 1.08068265 11.00 0.32942103
11.00 -3.01372547 11.00 -0.36909090
2.00 0.59638213 9.00 -0.65464419
11.00 0.08737615 5.00 -2.41619715
13.00 -2.23141882 15.00 -0.89341657
11.00 0.68269701 15.00 0.90935950
8.00 -0.09190771 28.00 -0.74917348
14.00 -0.51548124 12.00 -2.23499321
14.00 0.29865308 10.00 -0.71744556
16.00 0.83033073 20.00 1.64927643
9.00 1.92920960 7.00 2.08478105
10.00 -2.55424995 9.00 -3.05946707
17.00 0.98070757 17.00 2.79992409
13.00 -2.21210334 6.00 -0.65562321
7.00 1.91422073 16.00 0.28519312
6.00 -2.04249203 11.00 -2.03066671
24.00 2.99789858 12.00 -0.95221407
22.00 -2.94696649 2.00 1.29829033
13.00 -2.28340528 20.00 -2.43006247
10.00 1.28172344 8.00 1.70669753
23.00 2.52934524 5.00 -1.96482852
19.00 1.13080518 6.00 -1.28167850
14.00 -0.68839216 11.00 -0.52750519
6.00 -2.77959632 11.00 -0.99466755
23.00 2.51808401 11.00 3.10014793
15.00 2.65731525 6.00 0.60425166
11.00 -2.58515248 6.00 -2.40114440
10.00 -1.38826172 17.00 -1.24707355
9.00 0.45800272 11.00 2.11715974
17.00 1.04140366 14.00 2.39735088
11.00 1.98467842 8.00 3.08311693
16.00 0.54197476 4.00 1.92577439
7.00 1.69190988 10.00 0.08775459
5.00 0.58555463 13.00 2.04040014
2.00 1.17329879 14.00 -1.02813125
7.00 1.18558278 5.00 -1.00119874
12.00 1.67932374 7.00 -1.18154095
18.00 -2.33889160 11.00 -2.00275830
14.00 -2.97879612 20.00 0.48425750
15.00 1.98524243 13.00 -1.11133348
2.00 0.57261298 7.00 2.58264478
14.00 -2.49831550 9.00 -1.25154958
2.00 -0.69228033 10.00 2.35491677
18.00 -2.10773858 9.00 0.97402461
20.00 1.35009490 7.00 -1.26715459
20.00 -2.19451055 17.00 -0.95568662
18.00 2.88601617 14.00 0.11758558
8.00 1.62090980 13.00 -0.39916013
21.00 -0.29169944 11.00 -2.21264686
5.00 -2.19219645 16.00 2.03491086
12.00 -2.86013057 12.00 -1.49441449
22.00 2.85713175 6.00 2.77883897
9.00 0.91517311 15.00 -2.24058724
7.00 1.25793609 10.00 0.89733478
5.00 1.50052804 5.00 2.79595037
4.00 -2.04841822 5.00 2.37066981
8.00 1.00813723 3.00 2.20968680
13.00 -0.11474096 9.00 -2.34321774
2.00 -1.41449646 1.00 3.12299979
7.00 2.80941524 15.00 -1.30798619
13.00 1.05994395 7.00 2.77688099
4.00 1.86353125 0.00 0.96095508
3.00 -3.09713357 22.00 -1.77591610
5.00 -2.34473471 10.00 -1.61705505
2.00 0.36269151 9.00 0.56316173
8.00 1.51076691 14.00 2.96940031
9.00 3.11229934 11.00 -0.71718759
6.00 0.77569332 6.00 -1.95156505
5.00 -2.29658006 3.00 -2.34863657
14.00 2.33888217 10.00 -2.55595718
22.00 -0.22870588 21.00 2.33850055
4.00 -0.44504065 10.00 0.43475006
8.00 1.33926073 9.00 -3.01744655
6.00 2.46186302 21.00 0.82549603
8.00 0.40352785 15.00 3.04712385
14.00 2.30709952 16.00 -2.02574533
16.00 0.09173104 16.00 1.89731302
6.00 1.70839678 17.00 -0.69990421
4.00 1.90617380 4.00 -2.66385134
11.00 3.05655845 13.00 -1.48943436
20.00 -1.53886285 10.00 3.07557776
5.00 -1.40245799 8.00 -1.93193852
6.00 1.68273201 12.00 2.13543229
3.00 1.73987611 9.00 -2.86662690
7.00 1.00732304 3.00 -2.56072519
11.00 0.03390255 9.00 1.83817488
12.00 0.42414680 7.00 2.51812116
8.00 1.63341947 3.00 -1.32522614
14.00 -1.43935848 1.00 2.34494598
7.00 -2.22695923 10.00 2.92806832
23.00 -0.56070318 12.00 0.37505947
15.00 1.75239249 19.00 2.69667030
12.00 -0.85736193 15.00 0.63825324
14.00 -0.36233015 17.00 2.23651427
8.00 -2.56390074 7.00 2.32639229
11.00 -0.12539532 12.00 -2.04703414
15.00 -1.14956073 6.00 1.84683310
16.00 -1.50815644 7.00 1.65236984
10.00 2.87567497 14.00 0.60160854
4.00 -1.98398237 4.00 -0.20684769
12.00 -0.00371905 9.00 0.92720996
5.00 1.76383322 5.00 2.66356379
14.00 2.67239202 13.00 -2.38934971
17.00 1.34179493 16.00 -0.71854432
4.00 -0.23242363 0.00 1.31001024
11.00 1.86715158 4.00 1.44626984
11.00 2.31041602 17.00 0.80430200
10.00 1.46492470 5.00 0.01930359
9.00 -0.67979024 24.00 2.53149311
19.00 -1.78899118 9.00 -0.87929230
28.00 -3.05589726 2.00 -2.24586718
2.00 -2.90736868 13.00 3.09067192
6.00 -1.89279854 16.00 0.84079985
15.00 -0.18471383 6.00 3.01520089
5.00 -1.59304909 3.00 -1.20379333
14.00 2.03013086 15.00 -0.19063258
14.00 1.09431201 6.00 -2.51725596
17.00 -0.29296901 11.00 2.14737975
3.00 2.91681595 11.00 1.53204183
20.00 -1.24491660 2.00 2.22435929
14.00 -0.16564759 9.00 -1.98720172
10.00 -1.09944918 12.00 1.60216951
9.00 -1.32262681 7.00 2.72353056
2.00 3.09524328 15.00 1.04657432
14.00 -1.86499258 14.00 -2.32355911
8.00 -0.62935535 10.00 -3.11737727
10.00 -1.78990369 1.00 0.64223123
9.00 2.22412476 4.00 -2.15130234
8.00 -2.13025441 13.00 -1.15792156
12.00 -1.35137341 17.00 1.37448454
15.00 3.08949283 2.00 -2.42184910
9.00 1.72084835 16.00 -0.81238337
12.00 -1.43625133 7.00 0.88169405
12.00 -2.68579839 6.00 0.00591663
12.00 -2.81876314 5.00 -2.49137358
6.00 -2.98688629 15.00 1.60470641
6.00 -1.16406716 11.00 2.01247226
4.00 -0.12028688 15.00 -0.27406321
7.00 -0.37491473 6.00 2.41299586
23.00 -3.05815459 0.00 -2.82022943
14.00 -1.41603537 10.00 0.25684469
5.00 -1.77204906 7.00 1.76143737
23.00 -0.36601429 7.00 0.90721384
16.00 -0.68899240 13.00 -0.19303617
7.00 2.24160066 3.00 0.31569949
4.00 2.08284218 8.00 0.02388206
18.00 2.14461582 14.00 -0.44394951
7.00 2.31257683 1.00 3.13776099
4.00 -2.43321483 5.00 1.03835461
4.00 -0.91298941 13.00 -1.24963855
3.00 2.49245323 4.00 -1.25041267
20.00 0.55595142 7.00 2.92988861
11.00 -3.12666137 0.00 -1.72184280
9.00 -1.28091583 11.00 -1.87735608
1.00 2.19946957 19.00 -0.68335968
8.00 -2.69259192 16.00 -2.70428096
15.00 3.04957135 7.00 -2.64993043
11.00 -0.29966447 16.00 -2.35541896
13.00 2.58351255 4.00 -1.08030730
4.00 -2.12123607 11.00 -0.96488928
12.00 2.73281128 11.00 1.72458503
8.00 -1.78672139 11.00 1.85456774
13.00 0.30716843 15.00 2.62130085
11.00 2.64691089 10.00 -2.96252902
16.00 0.24223597 17.00 0.57364300
8.00 2.75548320 13.00 -2.36070486
3.00 -0.19759181 14.00 -1.34544661
9.00 -0.78598098 5.00 -2.00961989
7.00 1.06305340 2.00 -0.34511363
11.00 0.30254550 7.00 -0.41790639
14.00 1.22084264 4.00 1.17387670
12.00 -1.34077461 19.00 -1.37454356
9.00 -2.90866245 17.00 3.11325223
10.00 -1.67440436 7.00 2.30807208
10.00 2.03428420 10.00 0.64527823
17.00 1.01002740 4.00 -2.81422466
4.00 -2.98719637 12.00 -2.14760244
9.00 -0.80504733 11.00 0.50696634
14.00 -2.44183692 15.00 -1.81529904
8.00 -0.25193531 3.00 -0.43851376
21.00 3.10167692 8.00 -3.07587704
6.00 3.09067805 3.00 -2.76334619
4.00 0.38673352 15.00 0.00233089
18.00 1.75424659 15.00 2.39183860
3.00 -0.26616048 9.00 -2.14134122
8.00 0.85499502 14.00 0.76151525
23.00 0.68887156 5.00 1.37228569
6.00 -0.08641500 13.00 1.84894369
20.00 -1.30464680 16.00 -2.10207272
19.00 -2.87278398 11.00 -1.96851009
10.00 1.39687338 10.00 2.29492766
6.00 -0.79518994 10.00 -2.36809172
3.00 1.76818451 11.00 -2.53292741
3.00 0.43706522 10.00 1.19405672
11.00 -2.04780507 11.00 1.93959191
5.00 -2.08714569 8.00 1.74846316
23.00 2.37297478 6.00 1.96405351
8.00 -0.33517173 11.00 2.98620601
9.00 0.23981248 14.00 1.98361646
11.00 1.53324883 5.00 0.22736878
19.00 -1.70290563 25.00 -0.61252893
6.00 -2.47042222 5.00 2.85726535
17.00 0.23942315 3.00 1.16120415
11.00 2.85591678 15.00 2.79234029
6.00 -1.67867993 7.00 1.14991957
13.00 1.72412845 6.00 2.74257618
4.00 1.25461488 5.00 0.88474500
1.00 1.51674584 9.00 -2.93415534
10.00 1.69727059 5.00 2.24955566
13.00 2.87864164 4.00 -1.98708923
11.00 1.09692246 11.00 1.70886321
16.00 -2.58239728 9.00 1.21608870
10.00 2.10640306 1.00 -0.28037580
12.00 3.12090734 13.00 2.20685058
18.00 2.10963277 20.00 -0.32585609
10.00 2.92806701 6.00 1.25479949
5.00 0.28965226 10.00 0.45037651
10.00 2.40112164 6.00 -2.47595676
3.00 -1.83424027 8.00 2.96378763
8.00 -2.27469794 14.00 0.84745150
9.00 -0.88023495 2.00 -1.23614134
6.00 0.37170903 3.00 -1.88589781
4.00 -1.44476641 8.00 1.35702920
13.00 -2.26126139 3.00 1.92946278
8.00 -2.02509217 11.00 -2.93479458
3.00 -0.47704319 19.00 -2.36576431
3.00 -2.64015214 15.00 0.88943266
14.00 3.10399830 11.00 1.09185438
19.00 2.41627311 25.00 -2.26137378
7.00 0.08426671 6.00 0.02695232
9.00 2.80649200 8.00 -2.70611433
7.00 -2.69854942 4.00 -0.89010189
2.00 1.13703948 21.00 -2.63703154
12.00 1.48339662 18.00 1.92499471
5.00 -3.11021117 19.00 1.64918094
6.00 -2.01119985 13.00 1.09133626
9.00 0.86459922 9.00 1.36819745
5.00 -0.60291286 7.00 2.97396600
9.00 -2.99912799 8.00 -3.11544435
5.00 2.59918665 11.00 2.12380112
13.00 -2.54341960 8.00 -1.57226359
2.00 -0.22227043 10.00 -2.75565572
1.00 2.60719514 7.00 -2.15666130
16.00 0.17744121 10.00 2.21347341
5.00 0.62601965 16.00 2.71190618
8.00 0.05491977 9.00 -0.19276750
13.00 1.33249980 4.00 0.07568405
6.00 -1.12760641 15.00 2.61306879
6.00 -2.34688193 5.00 -0.56670656
20.00 -2.48676380 5.00 -0.36997561
7.00 0.41594508 2.00 -0.72863053
14.00 -1.74050028 5.00 -0.76592657
5.00 0.38072689 15.00 0.99912246
5.00 -0.98695040 21.00 2.27591328
7.00 -2.76050853 4.00 1.81804727
2.00 -3.02013118 19.00 1.21520278
11.00 -0.53701025 11.00 -0.91185903
12.00 -2.51158743 20.00 2.44079098
9.00 2.52441493 7.00 0.25597373
19.00 0.62935793 0.00 -0.25365800
5.00 -2.92602934 14.00 -2.95494801
11.00 2.90583406 12.00 1.79133913
6.00 -2.26164536 18.00 -0.86519753
11.00 1.51046072 7.00 -0.73952908
11.00 -0.10870145 7.00 0.64966391
9.00 -0.16750116 5.00 3.11947915
17.00 1.12650963 7.00 0.59227125
6.00 2.19526748 6.00 -1.75142185
13.00 2.24184262 22.00 1.85040159
16.00 0.31934902 5.00 0.48920670
2.00 0.82315158 8.00 -1.06190035
13.00 0.30478500 9.00 -1.89843915
9.00 0.55128205 17.00 1.88052471
6.00 -3.10781109 8.00 3.05964141
3.00 2.11092679 15.00 0.34505734
7.00 -1.24219526 11.00 1.91924833
11.00 -0.82593488 7.00 1.98457046
11.00 -2.25588340 10.00 -2.57916631
11.00 1.78354608 4.00 -2.43161417
21.00 -2.32783412 4.00 1.41526156
20.00 -2.81312006 19.00 -1.15266541
7.00 -1.28297127 0.00 -0.05401386
6.00 -2.10733325 18.00 -2.64594734
15.00 -1.60886297 14.00 2.46528301
17.00 3.10416169 7.00 -2.06686815
0.00 -0.19809975 20.00 -2.70307952
7.00 -1.14344864 27.00 -1.15832198
17.00 -2.29423141 13.00 -1.63033489
2.00 -0.82302397 7.00 -2.97316449
11.00 0.35806080 24.00 -2.97005590
12.00 -0.61738196 8.00 -1.18861501
0.00 2.67058719 16.00 1.95224082
11.00 0.36751061 24.00 -1.40776396
10.00 1.92550939 9.00 1.26260495
3.00 0.50372556 0.00 2.76160403
8.00 2.86366962 15.00 1.38765013
15.00 -2.38449687 5.00 1.19815009
8.00 -0.30836761 1.00 1.22490648
10.00 -3.01947995 23.00 0.97476846
16.00 3.04333563 13.00 -0.16002274
20.00 0.86823370 8.00 -2.25863120
14.00 2.75052602 5.00 0.39939737
18.00 -0.70623516 11.00 -0.80863755
10.00 -2.90470796 3.00 0.44696504
7.00 1.99758142 4.00 -2.76021881
3.00 0.05722787 12.00 2.16100199
6.00 -1.37711295 5.00 -1.23625430
6.00 -1.42332859 11.00 -1.40543896
5.00 -1.60214653 13.00 0.79451420
29.00 -0.20245098 15.00 -1.76505789
14.00 1.91161794 5.00 1.55386915
5.00 -2.07970166 14.00 -1.36955277
6.00 -2.97745354 10.00 1.94884398
17.00 2.78851746 9.00 3.04221582
7.00 0.02114688 9.00 2.91057563
4.00 -2.27167055 9.00 -1.55329352
11.00 -1.28665915 19.00 -2.66106061
17.00 2.67604820 8.00 0.85980246
15.00 2.27074509 5.00 0.21752830
2.00 0.54592301 15.00 0.86162769
12.00 0.94207936 4.00 -1.79776366
22.00 2.87937035 13.00 -0.01744031
21.00 -0.28298376 15.00 -0.13643947
9.00 1.79447466 9.00 1.62791346
23.00 -1.90334841 18.00 1.31487373
10.00 1.55532244 21.00 0.50835954
7.00 1.32032085 5.00 1.34180035
9.00 0.27546606 16.00 0.04279783
7.00 1.74459953 13.00 0.60637082
8.00 -0.37664281 5.00 -1.35373435
2.00 2.56013346 15.00 3.04537000
20.00 -1.82965651 9.00 -0.09808156
7.00 -2.81722237 7.00 0.36644988
11.00 1.25867145 8.00 -1.71827546
18.00 -3.05517323 2.00 -2.33835562
18.00 1.47247192 20.00 1.45863127
12.00 1.95705794 9.00 0.59413384
6.00 0.38699314 12.00 1.76497360
2.00 -0.92640580 14.00 0.92427339
5.00 -2.74566190 17.00 1.03544225
12.00 1.05816224 13.00 -1.13868728
3.00 -1.22935452 15.00 1.02922964
10.00 0.85492885 8.00 -2.25644904
21.00 2.58272688 11.00 -0.91844086
3.00 2.36160544 10.00 2.29858311
24.00 0.86439864 13.00 -2.60409664
25.00 0.64619231 17.00 2.65552970
7.00 -1.15959224 11.00 -2.57457412
8.00 -2.62740524 7.00 -1.82641285
14.00 1.04760865 6.00 0.21937406
9.00 2.60684261 14.00 -2.30186605
4.00 1.49955657 7.00 -3.05289392
14.00 -0.74098444 10.00 -2.36945926
6.00 1.97589951 5.00 -2.53469442
11.00 2.34731880 1.00 -2.84895215
14.00 -0.50775056 15.00 -1.93650861
4.00 0.24326795 17.00 -0.97494659
9.00 -1.28553615 19.00 1.21288610
14.00 -3.08223804 2.00 -1.36497857
13.00 -0.79509216 18.00 -2.35875857
6.00 -0.70218807 13.00 -0.12503305
6.00 -2.66911772 11.00 2.45990526
12.00 0.02394021 15.00 0.57629734
2.00 2.95322947 9.00 0.64559347
20.00 2.20930399 11.00 0.94960781
5.00 0.73246350 17.00 -2.16003482
16.00 -3.04629945 8.00 0.99856633
8.00 2.81325298 20.00 -1.27756011
6.00 -0.54255448 7.00 -0.56240554
15.00 -0.86313288 7.00 2.84702209
9.00 1.72153668 9.00 -1.29451247
6.00 -2.79480765 10.00 -0.84906816
8.00 0.07658620 9.00 -0.66604055
7.00 -2.06098084 7.00 1.57143024
5.00 -0.54479946 15.00 1.13518581
15.00 1.11922259 8.00 -1.40389122
2.00 -2.22558564 8.00 -1.12197024
14.00 0.30125440 8.00 2.92811706
10.00 1.26122658 13.00 0.43067049
5.00 0.97610169 17.00 -2.04851271
18.00 -1.41131950 8.00 -1.94848397
6.00 0.47059593 12.00 -0.55161618
10.00 -2.47320135 7.00 -2.35094831
12.00 1.45706229 9.00 1.96952151
21.00 -1.67751797 17.00 -2.78165997
5.00 1.93400879 13.00 -0.53285527
2.00 -1.19692815 16.00 -1.64768425
2.00 -0.02749031 14.00 -2.05040112
1.00 1.70882798 14.00 1.19073544
13.00 -0.22553425 2.00 2.31181680
11.00 1.62930959 20.00 -1.96902428
1.00 -2.78347902 11.00 0.07447273
16.00 -1.29721354 17.00 -0.56982582
7.00 1.64458649 15.00 0.66085634
8.00 1.98548262 10.00 0.21524653
18.00 -0.18899668 4.00 2.86695330
14.00 2.26733664 15.00 -1.92560184
6.00 -2.55171151 10.00 -1.09729262
5.00 2.09802725 13.00 -1.97375249
8.00 0.96425828 4.00 -2.81478434
19.00 -1.16464788 14.00 -2.98561747
8.00 2.00431514 19.00 -2.70079737
11.00 0.97009913 8.00 -2.37034192
28.00 2.94056750 5.00 0.12199212
10.00 2.41743332 12.00 1.62658303
9.00 3.10634838 3.00 1.92374930
1.00 -0.17406117 9.00 2.07699961
10.00 0.15140230 19.00 -0.26597849
14.00 -0.66803343 8.00 -2.46168670
25.00 -2.65978018 4.00 3.11232786
14.00 0.89616674 22.00 0.40435046
6.00 -3.09349506 15.00 -0.59922719
8.00 -1.11052869 10.00 -0.50736891
12.00 -0.01120870 8.00 -0.47270676
15.00 3.09808986 19.00 2.91731537
13.00 3.08184657 10.00 2.11867049
11.00 0.01597742 10.00 2.98198148
12.00 2.48535813 6.00 1.43981142
2.00 2.00530474 6.00 0.05336305
11.00 0.95252826 6.00 1.47329182
10.00 1.08388757 23.00 -0.60459522
19.00 1.42587612 7.00 -2.32889310
17.00 2.64831174 10.00 0.41112591
9.00 -2.83196608 13.00 -2.04941273
9.00 3.03046550 5.00 1.34765729
27.00 -0.59364924 18.00 -2.36049675
11.00 0.19854337 10.00 -2.25907309
21.00 2.63106048 10.00 -2.33921970
5.00 -1.25688250 3.00 2.70803304
4.00 3.06187975 13.00 -2.19017112
11.00 -1.87341503 12.00 -0.88265122
12.00 -3.03382343 4.00 -0.33101978
19.00 -2.97572886 4.00 0.10975062
13.00 -0.96415252 12.00 -2.13034522
34.00 -2.14123159 9.00 0.16880505
1.00 0.55996363 9.00 2.78424070
13.00 -1.24172169 7.00 -3.11190734
11.00 1.04411412 23.00 -2.54694941
7.00 1.82365915 7.00 -1.42735855
20.00 2.65517152 10.00 2.21592779
22.00 -0.59015390 14.00 0.52162336
15.00 0.02147785 11.00 2.91744156
3.00 -1.85694881 0.00 2.16720525
15.00 1.17112303 16.00 -1.27989370
22.00 -0.17939230 19.00 -2.23212934
12.00 -2.13478599 10.00 -1.58899645
8.00 -2.94841356 21.00 2.17828255
19.00 -0.76551365 2.00 2.71628003
17.00 2.12862981 18.00 -1.44571125
3.00 -2.13358907 11.00 -0.73251627
13.00 1.89726250 9.00 1.19508666
3.00 2.24217030 15.00 -2.76631873
17.00 0.89345905 12.00 -0.07124258
10.00 1.26334630 13.00 -2.05227429
6.00 -2.86474209 1.00 -2.91854122
12.00 1.23745789 10.00 -0.93300797
16.00 -2.09295973 2.00 0.87993804
7.00 2.60862148 13.00 -2.20798545
17.00 2.57793488 3.00 0.02769172
5.00 0.07026990 22.00 -3.01612069
17.00 0.77827894 19.00 -2.21576494
1.00 2.52153379 16.00 2.48871157
11.00 1.43804615 8.00 -0.29733014
11.00 1.70657120 6.00 -1.49335319
6.00 -0.26910840 7.00 -0.04587992
23.00 1.85757886 8.00 0.27498554
5.00 2.50820050 23.00 -0.26235719
19.00 -1.87159515 2.00 1.14634483
5.00 -0.64711804 12.00 2.83799189
6.00 2.78845419 9.00 -1.33621617
17.00 -1.62247148 11.00 -2.11450759
6.00 -1.27924707 13.00 2.29741205
29.00 -0.60021969 24.00 -0.75075088
15.00 -2.01847831 9.00 -0.80484799
6.00 2.80185698 28.00 2.46482622
16.00 1.96678531 9.00 0.86842427
16.00 0.35973905 12.00 -3.06737877
24.00 0.53702138 12.00 2.25160832
14.00 2.64598588 15.00 -1.23262862
17.00 0.41960250 5.00 1.33149639
6.00 -2.00218468 17.00 2.39503796
7.00 -0.43070394 21.00 -2.18936213
7.00 0.14416428 11.00 0.90035509
16.00 2.93513841 6.00 -0.84699245
16.00 0.17238225 8.00 0.91125134
6.00 -3.12862337 3.00 -0.90319899
21.00 -0.67912634 5.00 -0.72282719
1.00 2.35109234 9.00 -0.62069284
7.00 0.66393554 14.00 -0.19257379
9.00 0.66102783 19.00 -0.09635390
2.00 0.15298805 15.00 1.27794285
11.00 -2.12572309 10.00 -1.53165207
5.00 -0.72163655 13.00 1.41045632
7.00 -0.61909097 21.00 2.85601746
10.00 2.31680770 21.00 -0.12315605
9.00 -2.57850779 20.00 1.62561431
7.00 1.65637784 15.00 -2.80004934
15.00 0.81664163 4.00 2.61540488
13.00 2.80513578 15.00 -2.89289035
10.00 -1.01838866 5.00 -2.87180394
22.00 1.93447778 2.00 -1.71565221
3.00 -2.16855810 8.00 -0.30267963
11.00 3.01098255 10.00 -1.85974762
3.00 -0.96096524 4.00 -1.83370932
9.00 -2.59641438 20.00 -2.38395400
9.00 -2.08162763 4.00 3.03370077
8.00 -1.49767324 15.00 -0.97899362
1.00 2.05991531 4.00 1.25212264
8.00 -0.60832609 7.00 -2.50293808
4.00 -1.42831767 15.00 0.75573981
4.00 0.03422553 20.00 -1.95672940
6.00 -1.27243568 13.00 0.99991183
7.00 -0.86633854 15.00 -1.61428148
7.00 -0.94600251 18.00 -2.14534373
8.00 1.48384856 14.00 2.33639687
18.00 2.68858993 15.00 1.21838246
4.00 -2.92496809 6.00 1.28350587
3.00 3.01527989 13.00 -2.90818080
9.00 1.11293544 8.00 -0.36852705
6.00 0.12885844 9.00 -0.16525934
15.00 -2.29209283 17.00 1.91616402
11.00 3.06479153 27.00 -1.05447310
21.00 2.72261570 1.00 -0.67304833
21.00 2.48582299 7.00 -0.15038498
14.00 1.91377741 7.00 2.92689183
20.00 1.06870061 4.00 -1.94178395
15.00 -1.59608902 12.00 -2.00782408
15.00 -0.86575504 16.00 1.29021447
6.00 -2.51103631 7.00 -1.27969345
4.00 -1.23876987 8.00 0.97283111
9.00 -0.73762699 22.00 -1.45334871
10.00 0.60610833 7.00 -1.49484210
10.00 3.03444155 7.00 0.65263315
13.00 -0.87101714 11.00 -0.77996373
5.00 -2.76141307 1.00 3.00078604
5.00 2.86908991 8.00 -3.09415381
4.00 -2.50934789 9.00 -1.82002864
4.00 1.19244055 9.00 0.96957110
14.00 -0.92894125 13.00 -1.52166886
7.00 -1.76426918 20.00 -1.67559304
5.00 -0.94204530 7.00 -2.18633336
8.00 2.57154617 10.00 2.97684314
7.00 -0.75401977 4.00 0.76097018
8.00 -2.73321051 7.00 -0.90992337
7.00 1.38015355 11.00 0.60197158
6.00 -0.29716994 28.00 -1.02162868
7.00 2.54505749 5.00 -2.48339782
9.00 0.80476352 13.00 -0.88225411
19.00 0.29197767 3.00 -1.27159623
12.00 1.35240211 2.00 0.36338841
17.00 1.86626697 5.00 -1.58558098
9.00 -1.70684701 7.00 1.75737659
0.00 -0.02216508 22.00 -3.04013210
8.00 0.44058702 8.00 1.96136537
8.00 -1.60752922 2.00 -2.99843511
10.00 -1.37758230 7.00 -3.03066275
18.00 -2.40251321 5.00 0.76269588
15.00 -2.26395033 11.00 1.86865032
13.00 -0.05460199 4.00 -0.31974422
15.00 1.26962776 19.00 2.40556748
1.00 2.59952291 2.00 0.00323404
6.00 1.16942707 11.00 -0.54099987
12.00 -2.01985991 12.00 -2.06768416
6.00 0.73165050 21.00 -1.17961913
5.00 0.30525219 9.00 0.36675840
5.00 -0.96595000 8.00 0.86181667
19.00 -2.99345198 16.00 -1.91639838
16.00 0.14871761 13.00 -2.43939189
9.00 1.96493802 10.00 2.94147881
0.00 1.51741202 16.00 1.08771532
6.00 0.19236819 11.00 -0.03590999
12.00 1.45689804 11.00 -1.06457815
25.00 1.67091798 7.00 -0.26646476
2.00 -2.65845743 3.00 1.87439452
5.00 -3.07770707 2.00 -2.15864023
11.00 1.86671659 14.00 -3.07788160
11.00 -0.59326783 19.00 0.90474651
6.00 -0.50795052 18.00 -1.13965046
3.00 -1.94613098 6.00 -1.62798408
16.00 -1.69237324 2.00 -1.53720555
4.00 2.96456874 9.00 3.05940320
16.00 1.97871845 9.00 -0.83775072
7.00 -2.78294635 7.00 1.54268028
6.00 2.32394011 30.00 1.74470268
4.00 -2.29511300 5.00 -2.82870535
10.00 -2.99055847 4.00 0.39664279
13.00 2.03199891 12.00 -1.15372320
19.00 0.60953880 9.00 2.09655149
3.00 -1.09556686 17.00 3.01519728
11.00 -1.65975620 5.00 0.26235493
1.00 -1.86294648 6.00 -1.41768766
4.00 1.28115453 8.00 -2.74720585
5.00 -2.14732560 11.00 2.71033060
13.00 2.89386612 6.00 -0.07911321
0.00 -0.38364890 6.00 -0.62297845
2.00 0.51222245 7.00 -3.12916651
12.00 2.82016622 3.00 -1.58739030
5.00 1.96103105 11.00 1.66893407
9.00 1.07736027 12.00 1.76977197
13.00 1.34658757 16.00 -3.08897591
16.00 2.26344260 16.00 2.88438457
7.00 -1.55944542 14.00 -1.38807647
16.00 -2.43703653 9.00 0.11182801
7.00 0.05690135 16.00 -1.48475456
3.00 -1.94324980 10.00 2.63894834
12.00 -1.73180310 8.00 1.32157302
15.00 -0.22352252 13.00 -1.55006100
6.00 -2.68021761 11.00 1.38672100
4.00 -0.36338428 26.00 -2.83381651
5.00 0.38423146 18.00 -0.51859997
15.00 0.04754377 18.00 -1.53683715
14.00 -2.32762493 4.00 -1.54703390
26.00 1.38934162 12.00 -1.86710252
8.00 0.38000535 19.00 3.12573890
17.00 -1.08409482 10.00 1.72042145
11.00 -2.85882586 7.00 -0.59577890
15.00 0.80328335 15.00 2.77046199
11.00 1.52246777 0.00 1.15623896
21.00 0.66875893 4.00 -1.86303127
1.00 -1.59100223 12.00 2.57202069
10.00 0.23494970 15.00 3.01666393
4.00 0.10293826 4.00 1.05903897
3.00 1.35910807 11.00 1.63728141
4.00 -0.62635788 9.00 -2.67764567
9.00 -0.08626328 11.00 -1.99845132
11.00 -1.15875298 14.00 0.04611976
22.00 1.63931772 32.00 0.07702421
8.00 -2.37909602 24.00 0.97535830
10.00 -3.01926034 6.00 -2.91823927
9.00 1.12355452 3.00 1.87638935
20.00 2.28190447 1.00 1.53504994
9.00 -2.18205805 12.00 2.85791189
6.00 2.62177571 20.00 -1.64547898
4.00 0.10522715 17.00 0.70504991
17.00 -1.48038889 12.00 -2.33284859
6.00 -2.06226463 17.00 2.60107121
16.00 -0.43574573 20.00 -2.75571358
11.00 2.51911472 14.00 -2.38918247
9.00 -0.23058026 15.00 1.93366020
5.00 -1.91562329 10.00 -1.43751052
18.00 1.90874425 6.00 -3.11256670
10.00 1.22208261 10.00 -1.12453647
9.00 -2.32230259 13.00 2.80401486
12.00 -1.46662145 20.00 0.23738288
5.00 1.38064028 10.00 -1.05969872
6.00 2.76646021 0.00 1.42223176
16.00 -0.51842885 6.00 0.97134481
10.00 -0.28695831 18.00 -2.91231186
9.00 -2.78819393 24.00 2.21810414
15.00 -1.92791847 11.00 1.10675223
14.00 2.37663996 13.00 2.76978855
1.00 1.73121396 3.00 -2.25253533
3.00 -1.60481676 12.00 -2.36801004
8.00 -0.16589279 15.00 0.22078495
20.00 1.44432846 8.00 1.89835956
14.00 -1.30184478 9.00 -2.50390872
12.00 -0.10975377 11.00 0.69106499
2.00 -1.20029901 9.00 2.59816251
7.00 3.11317111 17.00 2.34524711
34.00 0.40590420 21.00 2.95523281
4.00 3.10007304 17.00 -0.83283428
5.00 -2.06483850 8.00 0.03985251
11.00 2.74396736 10.00 -2.22128821
6.00 2.00229527 2.00 -0.89104851
11.00 -1.85020105 15.00 -0.55515041
8.00 1.64159695 8.00 2.17890310
11.00 2.30271797 13.00 1.39456088
6.00 -2.65920139 11.00 -0.78347422
6.00 2.99642606 11.00 -1.87129289
7.00 2.85529599 16.00 -2.23037168
3.00 -1.08660929 20.00 -1.05702516
0.00 -0.83571996 7.00 -2.15201267
16.00 0.88270513 8.00 2.46840119
20.00 -1.01616044 11.00 2.24535604
13.00 2.94312660 21.00 -0.80229483
9.00 -0.86834001 13.00 -0.81999749
14.00 -2.44663610 5.00 3.02966809
1.00 2.39028912 10.00 -0.56221543
6.00 2.10686492 12.00 0.91299647
6.00 -0.95909922 15.00 1.90967023
11.00 2.33343626 8.00 3.04341855
13.00 -0.08198854 20.00 2.75104537
10.00 -0.13932463 7.00 -1.10547117
8.00 -0.37513707 16.00 2.14536938
10.00 2.74063434 13.00 -0.72440042
8.00 1.06560217 20.00 -1.90683391
21.00 -0.20019233 11.00 -1.68427085
18.00 1.02992286 16.00 -0.52992485
20.00 0.90089206 26.00 2.65873873
12.00 0.37624581 5.00 0.64984908
8.00 3.12807207 4.00 2.00242475
8.00 1.91724762 17.00 0.69905066
9.00 -0.92385383 9.00 2.02999306
14.00 -1.77630958 10.00 2.32118439
14.00 -2.07787315 16.00 -2.56011793
5.00 1.80762834 13.00 -0.02173301
11.00 1.27493416 13.00 -2.57007991
4.00 0.45469559 7.00 -1.30348407
9.00 2.41609939 9.00 -1.13575251
2.00 -2.89580317 14.00 -2.60298898
10.00 0.42240235 14.00 -1.33121982
10.00 0.50596571 9.00 0.43928220
15.00 1.47031212 5.00 2.21049319
4.00 0.70993345 16.00 -1.70410203
16.00 0.38690459 13.00 0.37050236
9.00 0.41513882 18.00 -0.70822479
8.00 -2.66790935 5.00 -1.04385764
16.00 -0.63713904 12.00 1.62436156
15.00 -2.68011119 4.00 -0.48013339
4.00 1.26021627 10.00 -1.87154323
12.00 -0.34741887 10.00 -1.88938769
15.00 1.98887269 5.00 -3.08688156
4.00 2.17700617 14.00 -1.09664638
19.00 1.89100439 7.00 -1.70850518
9.00 -1.98408631 11.00 0.83362683
31.00 2.96761210 7.00 -2.39786068
9.00 0.93768978 3.00 1.98793026
6.00 -1.14898925 8.00 0.45523415
14.00 1.39010012 15.00 1.35833079
6.00 -0.09676930 14.00 -1.67228709
16.00 -2.17093472 17.00 -2.19621577
7.00 -2.51685112 5.00 -2.12128914
13.00 -2.82184198 9.00 -0.69436509
10.00 0.08343354 9.00 0.01150742
10.00 -0.12847717 12.00 -1.30117838
15.00 -0.96494631 4.00 -2.01051642
9.00 -2.24832081 8.00 2.97225087
6.00 -2.63721707 9.00 2.10945591
12.00 1.73437740 6.00 -1.12582835
5.00 -2.56112903 9.00 -2.96524582
9.00 0.40747051 28.00 0.79082339
3.00 1.28494821 5.00 -0.01891962
10.00 0.88826056 21.00 -0.70288568
14.00 -2.96780086 24.00 0.98328904
15.00 -2.87214913 11.00 1.13978147
9.00 -2.73617144 8.00 -0.69855379
10.00 2.76874341 4.00 2.14257859
1.00 -1.38501248 7.00 2.00800675
5.00 -0.06799810 25.00 -3.01126464
8.00 1.99023534 13.00 0.61518167
8.00 -2.80830541 31.00 -1.61419630
15.00 -1.26521277 1.00 2.64073911
9.00 -0.90107962 17.00 3.06680656
14.00 3.13604658 11.00 -0.06097853
13.00 -0.11513818 7.00 1.99488839
7.00 -0.85357290 5.00 -3.10124746
3.00 -0.60864189 12.00 0.69597868
18.00 -0.15521797 13.00 0.52265414
10.00 -2.14102953 12.00 -0.18905487
13.00 -1.87774785 5.00 0.60475852
6.00 0.32552458 5.00 -3.12743022
14.00 -2.73790219 11.00 -1.92569284
2.00 0.86669089 6.00 -0.17533342
5.00 -1.83912292 23.00 -0.74921755
9.00 2.74319722 4.00 2.07453364
9.00 0.28015882 6.00 1.87224274
3.00 -1.69641528 4.00 0.93705104
5.00 -0.22906884 5.00 0.79254629
18.00 -0.60994858 15.00 0.74415584
13.00 0.38216358 4.00 0.22450390
5.00 1.41945128 8.00 1.06008489
3.00 -1.81542753 16.00 0.70945721
9.00 -0.65626514 19.00 -3.04305464
12.00 2.74517142 8.00 -2.49188536
7.00 -1.62576393 16.00 2.36808477
16.00 0.78086231 15.00 -2.89022560
24.00 -2.76092787 7.00 -1.37430488
8.00 -0.36218290 8.00 -0.66731072
21.00 -0.51539241 9.00 -1.52418118
18.00 -0.95103865 18.00 -1.46718302
10.00 1.33359506 7.00 2.54142295
24.00 -2.15067855 17.00 -0.05907828
8.00 0.40336116 6.00 -2.97207551
8.00 -1.68010329 5.00 -1.89839574
10.00 -1.56436458 6.00 -1.46463246
11.00 2.75180136 8.00 -2.41732614
0.00 1.71070828 15.00 1.54133458
9.00 -1.15118202 11.00 -0.00273501
4.00 -2.84188754 11.00 1.28619579
30.00 2.85477407 12.00 0.62443226
14.00 0.05368623 22.00 -0.43459910
17.00 -2.93616545 12.00 -1.91731243
19.00 -2.89945668 0.00 -0.04710219
8.00 1.01801169 16.00 -0.82321631
17.00 -0.44171542 9.00 0.64214824
16.00 2.11121692 11.00 -2.57437660
17.00 2.08819670 10.00 -1.00576374
15.00 -2.56610563 4.00 -0.46134419
5.00 2.11884977 8.00 -0.32416332
1.00 2.29559529 26.00 -2.21349651
13.00 0.18769626 4.00 2.35664483
5.00 1.37109285 10.00 -2.56039770
11.00 1.57906781 9.00 1.78284396
13.00 -0.50751716 17.00 -0.90117880
16.00 -1.05651425 7.00 -0.51630886
7.00 2.48632438 8.00 1.85490478
4.00 -1.47024371 5.00 -2.62261721
1.00 -2.97193117 12.00 -2.88341355
16.00 -2.86047367 12.00 -2.36611242
6.00 -0.71256095 13.00 0.13236573
16.00 1.39347446 1.00 -1.27189506
11.00 -2.43680967 7.00 -3.09188878
7.00 -1.23612374 16.00 -1.83585573
4.00 1.23357854 5.00 -0.95912586
17.00 1.14428454 5.00 -1.61982695
12.00 -0.13696101 7.00 -2.84397938
5.00 -2.11185004 8.00 2.72031799
13.00 -0.64698920 10.00 0.76906364
14.00 2.90202232 4.00 2.36230382
14.00 -2.03977982 8.00 2.47452139
12.00 0.55696723 12.00 1.73814740
6.00 -1.79042196 4.00 -1.79873570
2.00 2.22830416 15.00 1.18233768
3.00 2.13594503 7.00 0.84328359
17.00 1.96715958 9.00 -1.41502760
16.00 -1.67199183 6.00 -2.18463281
6.00 -1.74995859 10.00 2.24409530
10.00 -1.07057631 11.00 -2.73318396
6.00 3.04360470 18.00 -2.59442568
4.00 1.13008295 11.00 2.90434414
19.00 -0.79249168 7.00 -1.92644500
25.00 1.87793912 17.00 -1.78015385
10.00 0.18054739 8.00 0.61172335
11.00 -1.57146325 11.00 -0.94194181
15.00 2.11050483 24.00 0.68782775
10.00 2.32315951 17.00 -2.63037083
14.00 -1.91442136 22.00 -0.50590368
11.00 0.58398524 4.00 -0.83344591
5.00 1.15725972 12.00 -2.66812234
15.00 0.53722708 13.00 2.98821530
19.00 -0.61462424 6.00 1.99511125
19.00 2.35644583 13.00 0.51547262
15.00 -1.77863707 7.00 -3.11099815
14.00 0.26054036 4.00 1.87264396
41.00 2.08283046 9.00 0.17701445
19.00 0.86147704 7.00 -1.90712800
4.00 -2.00770746 2.00 -1.94855528
8.00 3.09527690 10.00 1.64903042
10.00 -2.43575405 9.00 -2.80691516
9.00 -0.31260252 9.00 2.19909047
2.00 -1.65829219 10.00 -1.49470071
4.00 -0.77433370 12.00 -2.42591719
4.00 2.43039705 6.00 1.36923413
6.00 0.70087648 10.00 0.72074537
3.00 -1.05227553 10.00 -2.83744996
13.00 -1.73013450 10.00 -0.89058068
20.00 -0.56738438 11.00 -2.85911027
20.00 -2.71381213 23.00 -2.54005831
7.00 -3.09664718 11.00 0.98762009
12.00 -0.07472610 11.00 1.09657267
11.00 0.85923321 10.00 2.69700205
19.00 -0.92956617 5.00 -0.38268589
10.00 -1.75034094 3.00 2.44505722
14.00 2.82914710 15.00 0.66319461
1.00 -0.93917292 5.00 -2.04048302
18.00 2.97474282 8.00 -0.29923480
14.00 2.27814896 2.00 1.17923930
13.00 -2.72615682 14.00 -1.29760834
16.00 2.75729265 10.00 1.52004445
5.00 1.58090267 3.00 -0.40658179
10.00 -0.90082474 11.00 1.59149080
7.00 1.33268068 17.00 2.17114976
5.00 -2.11052295 14.00 -2.36506003
13.00 -1.52381495 3.00 2.65014647
5.00 2.04381091 16.00 -2.47521685
4.00 -1.62606107 11.00 2.08244815
8.00 1.20489926 15.00 1.13957680
19.00 2.96054656 2.00 3.11700786
7.00 -0.58217192 5.00 2.29429934
18.00 -1.08564893 15.00 0.00811261
15.00 -2.82121104 9.00 -0.24660761
16.00 1.02085585 18.00 -1.90239338
19.00 0.44731260 25.00 -1.67244889
21.00 0.92933977 12.00 0.26783438
12.00 -2.81111835 18.00 2.63390078
6.00 -2.94091236 13.00 -1.16722176
4.00 -2.39891433 15.00 -1.66300320
13.00 -2.32889895 4.00 -0.12471990
10.00 -0.55325054 18.00 -1.63394078
5.00 -2.67041520 13.00 -2.19253116
1.00 1.21084696 16.00 -1.68307138
5.00 -2.93635419 5.00 -1.61870019
14.00 1.19003757 13.00 3.05415040
13.00 2.36309276 9.00 -2.98560110
5.00 -2.38456153 5.00 1.77967760
15.00 1.47357299 10.00 -0.85672510
6.00 0.78640416 19.00 -2.28559786
8.00 2.28809915 11.00 -1.45597696
14.00 -1.24337554 11.00 -1.45172534
14.00 0.12613383 16.00 2.51848039
7.00 2.13729266 14.00 2.02058537
5.00 -0.62910445 8.00 -3.13849092
8.00 -2.54028516 8.00 0.82401473
2.00 1.51045119 12.00 1.78462496
9.00 -2.08364328 4.00 -1.64899289
7.00 -0.57996186 12.00 -3.10293130
20.00 -0.15792374 20.00 -2.75633247
6.00 -0.68115955 10.00 -2.25448678
21.00 0.54048897 13.00 -2.81910564
24.00 -1.71640915 16.00 -2.20551149
10.00 0.60979188 25.00 -2.72036742
11.00 2.59364617 18.00 2.14962663
9.00 -2.60758458 5.00 -0.98521675
7.00 2.41045973 7.00 0.26334015
3.00 2.99346218 7.00 0.86548962
9.00 1.72080781 2.00 -2.20248500
6.00 -1.52116736 15.00 -1.76521601
14.00 -1.00469682 11.00 -0.85165648
21.00 -2.30257075 10.00 -0.63329188
3.00 2.00634223 11.00 2.40601636
8.00 1.16845497 6.00 2.42799038
21.00 -1.17607273 5.00 1.38806280
20.00 -2.00817417 22.00 -1.35006584
14.00 -1.01870311 1.00 0.21467218
7.00 2.15313417 6.00 2.72346875
1.00 2.92033941 2.00 -1.97182924
14.00 1.16669039 16.00 1.58699280
8.00 -0.08164815 2.00 1.51892288
17.00 0.92580465 12.00 -0.94014753
5.00 0.32489499 9.00 2.68574847
4.00 0.67445031 15.00 -2.16856642
9.00 3.10914129 21.00 1.93457006
3.00 -2.89174258 1.00 -1.21985545
17.00 -2.38815746 9.00 -1.04564036
8.00 -0.15320097 16.00 1.27854172
10.00 -1.19735002 2.00 -2.74820273
9.00 -0.63216946 18.00 -2.52265791
11.00 -2.70113076 12.00 -1.27815271
5.00 3.09403442 0.00 2.41861452
4.00 -1.61188339 9.00 -0.20741848
17.00 0.60545635 8.00 2.42398105
7.00 2.04340533 28.00 3.09826783
5.00 1.98779441 22.00 -3.08746266
12.00 -0.93566932 17.00 1.22973242
8.00 0.28646738 8.00 -2.33464538
9.00 2.38911107 9.00 -1.21228904
12.00 2.24308112 10.00 -0.56316848
21.00 -0.35665384 1.00 0.86671199
21.00 -0.53019519 11.00 1.25577292
15.00 3.00992954 6.00 -1.75469444
9.00 -1.59804722 4.00 -1.41448852
4.00 1.75986963 8.00 0.46161637
14.00 2.43963785 21.00 -1.22914928
3.00 2.83506213 22.00 -2.89895443
14.00 -2.28563759 7.00 0.72526103
8.00 -2.97449596 8.00 -1.99338952
14.00 2.22454860 4.00 -2.56757856
16.00 -2.08159657 9.00 2.98354506
14.00 0.59071172 15.00 2.78969483
2.00 0.84975047 19.00 2.55147156
12.00 2.77600055 6.00 1.04456740
8.00 2.26921198 20.00 -1.03459674
25.00 1.98617805 8.00 -2.83172538
8.00 -1.97049547 11.00 -1.28891051
0.00 2.46703417 9.00 1.12964370
15.00 -2.74398590 9.00 3.03060466
4.00 -0.74192214 14.00 0.87775212
15.00 -2.22421992 1.00 1.03508125
9.00 -2.79635092 19.00 -0.28948589
15.00 -1.06951364 1.00 0.52091193
5.00 -0.14471068 6.00 -1.31997313
11.00 3.02265880 10.00 -1.22961162
12.00 2.22165359 5.00 -1.99409933
5.00 1.07442192 13.00 -0.80781195
11.00 -2.18468659 5.00 0.91187578
4.00 -2.26177123 18.00 -0.49299019
13.00 -1.60050741 16.00 -0.66937585
3.00 -2.85334302 5.00 0.83555961
9.00 -1.32537825 6.00 0.95270154
14.00 -0.59063785 7.00 1.17238458
13.00 0.17230801 13.00 0.40863430
12.00 -1.70484762 13.00 -2.79564320
8.00 1.22508244 14.00 2.51904800
11.00 -2.31775562 13.00 1.19698877
1.00 -2.49805356 12.00 2.12432003
8.00 0.69637849 5.00 -1.50547459
9.00 -0.88454691 21.00 1.19952551
7.00 2.18761914 10.00 1.18450119
5.00 -2.51488717 11.00 0.90657717
4.00 2.46821341 6.00 -0.53579363
29.00 -1.20561501 8.00 2.26711342
8.00 0.50043088 7.00 -0.57117583
5.00 -0.31794714 16.00 1.45938356
11.00 -1.18836292 17.00 -1.44755430
17.00 -2.50130990 15.00 -1.23491929
7.00 1.63778335 3.00 0.52582257
14.00 -0.14762781 15.00 0.08011040
17.00 2.47846274 7.00 3.08430880
9.00 2.40656851 13.00 -1.04491290
7.00 -1.58704738 10.00 3.01766511
18.00 2.90456531 2.00 2.87511666
8.00 2.96247564 6.00 -2.55586148
10.00 3.09964673 17.00 0.81717493
18.00 2.28559700 11.00 -0.50446617
20.00 -0.40470279 21.00 1.30923238
13.00 -0.09304832 8.00 -1.40151782
3.00 -0.58556565 9.00 -2.62533554
6.00 1.79216060 3.00 -1.08021482
3.00 -3.02630821 12.00 0.37911082
9.00 1.47060305 24.00 1.35436869
8.00 1.16885868 10.00 2.34740580
8.00 -1.18948246 18.00 2.88290158
23.00 2.42566392 17.00 1.17673689
1.00 0.89108198 17.00 -2.07394532
26.00 2.78693576 18.00 2.57995690
12.00 -0.79540629 19.00 -0.15510695
6.00 -1.90942687 14.00 -0.94204407
13.00 -0.67194220 10.00 -1.77935045
12.00 -2.89153922 4.00 0.68729528
14.00 -2.66455635 16.00 -2.81138447
5.00 2.21789221 11.00 -0.03817466
9.00 1.44149524 12.00 -2.31980647
16.00 2.47514818 24.00 2.08515666
10.00 0.30508566 12.00 1.98287862
8.00 -2.09345386 1.00 -2.71854919
11.00 1.95259103 5.00 -2.47372261
