16.00 2.13701723 19.00 -0.91751111
2.00 3.08267026 1.00 -1.29015384
2.00 1.21968706 8.00 -2.06994090
15.00 2.80413615 11.00 -2.98791772
9.00 0.06793950 22.00 0.77766003
4.00 2.13074785 8.00 0.65900683
10.00 -2.58129961 4.00 0.24822511
24.00 0.67979568 10.00 -0.35632811
6.00 -0.64586303 14.00 1.73684785
11.00 -2.12760350 10.00 -0.60808100
3.00 -1.66738764 11.00 -1.04296143
3.00 -0.38927095 16.00 1.53064995
11.00 -0.80772738 16.00 -3.08713306
13.00 -2.88975782 6.00 1.56673961
17.00 -3.06437462 6.00 1.46044087
7.00 -1.21408162 8.00 -0.07397904
4.00 -2.87479600 7.00 0.99888206
18.00 -0.64865584 9.00 -0.81117480
15.00 -2.42015337 9.00 -0.86466942
3.00 -0.19170315 7.00 -0.76581928
8.00 -0.74465895 4.00 -0.94168160
9.00 2.43333720 4.00 -2.04038924
6.00 -1.79762060 14.00 2.21242752
9.00 1.21251392 17.00 0.31058810
10.00 -2.50220094 8.00 0.85261118
9.00 -2.66067495 5.00 0.08505133
20.00 -2.81396440 8.00 1.81892121
9.00 -0.95381526 12.00 -1.34368473
3.00 0.15892611 17.00 2.08535092
7.00 -2.70518324 7.00 -1.59754547
7.00 1.94372829 7.00 1.48531107
14.00 -2.85608284 9.00 0.41080677
5.00 0.37818594 20.00 1.76882208
3.00 0.28449950 5.00 -3.12766668
19.00 -2.74318716 12.00 -0.91837940
24.00 -2.25949717 7.00 -3.06728151
10.00 -1.76408391 2.00 0.32226044
6.00 -1.26638545 10.00 2.55145771
15.00 0.93872763 6.00 -1.63840551
5.00 -2.26918998 5.00 -2.50160447
2.00 -0.81616622 23.00 -2.60798094
13.00 1.63702243 10.00 -2.52107768
5.00 -2.44192606 5.00 -3.06279269
6.00 -0.21233853 12.00 1.36706343
13.00 0.16198923 16.00 2.54655407
10.00 -0.80545804 30.00 2.30323460
13.00 -0.72724260 21.00 -2.96393338
6.00 0.75821892 13.00 1.71994433
2.00 3.00016636 3.00 0.67093951
13.00 1.45257815 8.00 1.57764553
9.00 2.55109288 16.00 2.75718949
9.00 -1.01676654 6.00 1.08640812
13.00 2.56582340 12.00 -2.71230375
17.00 1.00521579 24.00 2.11795445
9.00 -0.52713007 3.00 -0.25385000
15.00 0.16742358 10.00 -1.23806749
20.00 -1.38222035 5.00 2.49014943
0.00 -2.54468249 13.00 1.00686979
16.00 1.03662854 20.00 1.07694689
3.00 2.79985893 9.00 -1.95510801
8.00 -0.11291902 16.00 -0.37104177
5.00 -0.20956023 1.00 -2.02271431
30.00 -2.17726329 9.00 -2.15893528
12.00 1.02826486 8.00 2.63516246
20.00 2.63919328 9.00 -0.93188795
15.00 -2.09198170 11.00 -1.51630306
20.00 2.24233077 2.00 -1.97849338
12.00 0.35050456 16.00 -2.91661347
17.00 -1.89068155 12.00 -0.19934138
6.00 1.42254904 5.00 -0.47103394
13.00 2.49405843 21.00 2.29163151
6.00 1.35717196 10.00 -1.77739856
5.00 1.06136493 15.00 -3.13666220
12.00 2.06719860 8.00 0.70871505
3.00 0.93744213 11.00 -0.94034111
19.00 1.18728897 13.00 -2.48286355
7.00 0.37276198 9.00 -1.26339843
5.00 2.13833128 13.00 2.37532755
10.00 -2.19155411 11.00 2.62986490
14.00 -0.79439844 13.00 1.92131878
5.00 2.81913674 14.00 -0.37642801
8.00 -1.28979376 8.00 -2.79155873
2.00 0.69507732 19.00 -1.95064213
5.00 0.28352758 21.00 -1.97565496
14.00 -2.99016614 2.00 -1.44307723
10.00 2.43282940 22.00 -1.70235733
15.00 -1.00611480 10.00 -0.38387590
8.00 2.67405685 16.00 0.29161596
10.00 2.22310860 13.00 -3.04312015
8.00 -1.33594053 15.00 2.62377490
3.00 1.48959052 10.00 2.47369203
9.00 -2.72720038 16.00 2.90004784
9.00 2.39602441 12.00 1.12354967
18.00 1.85589974 15.00 -0.94120955
18.00 -2.45640128 3.00 1.57534538
5.00 2.80145551 11.00 1.39061724
7.00 -2.63563276 8.00 0.21394744
16.00 3.12009866 15.00 0.57175261
7.00 1.25432623 2.00 1.45525618
14.00 -1.54135924 10.00 1.40946974
7.00 -2.25598040 5.00 -2.19262680
7.00 1.66371043 19.00 -2.84784521
10.00 -0.14678296 9.00 -0.24819840
15.00 -2.44608860 7.00 -0.82869961
11.00 0.81802678 13.00 2.25180225
9.00 -2.42830022 11.00 -1.99907096
10.00 -0.76585965 21.00 0.53553543
5.00 0.33011126 18.00 1.57583136
11.00 0.05839690 12.00 0.99245237
7.00 -0.72694890 5.00 -3.02216795
5.00 1.21967581 19.00 2.36924629
7.00 -0.50659185 9.00 -1.71434060
8.00 -3.13166298 9.00 2.99440231
5.00 1.98894119 16.00 2.37286431
10.00 -0.91493902 14.00 -1.35256695
19.00 -2.67299278 19.00 -2.38046988
18.00 1.35206543 13.00 2.47640073
12.00 1.03147438 6.00 2.91306357
11.00 -0.17444769 7.00 1.81758465
5.00 1.24575543 6.00 0.93892267
18.00 0.32993431 10.00 -1.96424212
31.00 -2.87240548 9.00 -0.05483751
18.00 1.55961963 16.00 -1.09495690
13.00 -2.07448667 23.00 -2.31954113
10.00 2.37119989 16.00 -0.94838403
1.00 -0.34957345 20.00 0.13891839
4.00 1.89525965 6.00 -3.01318329
9.00 1.68225363 15.00 -1.11719202
4.00 -0.97678630 3.00 -1.25125631
7.00 -2.50616655 9.00 2.72578903
13.00 -1.61570353 6.00 1.61591832
15.00 1.85520511 19.00 1.64643675
9.00 -0.67650177 11.00 -1.10387637
10.00 -0.34801103 9.00 -1.93305393
8.00 1.54431225 16.00 -1.29827251
13.00 -0.41117340 15.00 1.95622391
16.00 -0.05804740 9.00 -1.64570860
6.00 2.42916127 5.00 -1.64685978
11.00 -2.79623814 14.00 -0.57498878
1.00 0.13154783 13.00 -1.52187515
11.00 -0.81121140 2.00 0.10930106
5.00 1.36470873 15.00 -0.23775323
8.00 -0.37613723 12.00 2.08048500
6.00 -0.23061504 6.00 -1.72322653
4.00 -2.04485322 13.00 2.02918085
12.00 -1.31157157 17.00 -2.60464000
5.00 -1.73737526 13.00 0.95297280
11.00 0.23847694 13.00 2.97802684
22.00 -2.61583826 8.00 1.41569060
9.00 -2.18275239 7.00 -1.97696416
5.00 -2.05953218 4.00 1.93105347
3.00 3.00675274 15.00 -0.01788605
5.00 -1.77511832 3.00 -3.00514196
4.00 2.93041153 5.00 -1.90901978
8.00 2.94066936 19.00 0.44557163
13.00 1.74660117 7.00 -2.67352309
17.00 -1.27289068 12.00 2.58540866
9.00 -0.18991452 9.00 0.51053095
20.00 3.06582645 5.00 2.37513848
16.00 -0.49823611 3.00 0.92432850
13.00 -0.66761738 23.00 2.51929081
11.00 0.54561899 8.00 -1.56583626
6.00 -1.59524921 16.00 1.61148527
14.00 -1.11089586 6.00 0.46803560
31.00 -1.88308851 11.00 -1.79349025
8.00 -0.97424337 6.00 2.33821330
16.00 -2.82955677 17.00 -2.70284015
9.00 -2.11455455 13.00 -2.25559761
9.00 -0.33979015 29.00 0.17836922
11.00 0.49010208 19.00 1.57920643
12.00 -1.48301346 5.00 -1.11063484
19.00 -0.73859270 5.00 -1.20775116
19.00 1.91490882 26.00 -2.61874111
16.00 -0.19102328 10.00 -2.85940100
7.00 -2.32253145 7.00 -2.63113540
30.00 1.84028901 5.00 2.81279264
3.00 -1.87199324 5.00 0.97474102
7.00 -0.08344922 16.00 2.78783150
5.00 -2.94862413 24.00 2.74599904
12.00 -2.12157242 15.00 -2.94994041
19.00 -1.75289982 8.00 2.02934340
20.00 2.39715476 6.00 1.26182033
25.00 -0.22830683 16.00 1.42404074
7.00 -1.10221957 10.00 -1.68032811
19.00 -1.32389121 6.00 -1.98007466
31.00 -2.35794907 0.00 1.33536144
8.00 -1.08579699 9.00 -1.42325570
11.00 1.88102901 20.00 1.37680632
13.00 -1.16477581 14.00 2.47336209
5.00 0.62088005 5.00 -0.39952270
2.00 -0.84767151 18.00 -1.00838835
13.00 -1.66834528 8.00 -2.62603863
15.00 2.34694847 10.00 0.12287857
5.00 2.07070479 11.00 3.02563673
12.00 -1.97671618 7.00 -2.66461858
21.00 2.75026418 12.00 1.64671701
22.00 0.24545421 13.00 1.94296333
17.00 -0.29827499 16.00 -0.31993727
12.00 -0.47633947 15.00 -3.03220770
13.00 -1.42390598 13.00 -1.43639275
16.00 0.86022096 11.00 1.82384435
16.00 -1.77435773 0.00 0.22192061
11.00 -2.89395284 5.00 0.76992162
5.00 -0.37926505 2.00 -1.57111714
9.00 2.94302465 10.00 2.29773153
9.00 -1.10240501 1.00 -0.23302003
10.00 2.63886298 9.00 -2.23202569
18.00 0.37074622 9.00 0.21255192
6.00 0.97423966 7.00 -2.94152621
6.00 2.71267868 13.00 1.94560841
16.00 -0.12618493 11.00 0.98521923
12.00 -0.92155326 9.00 2.19519967
7.00 -2.28202044 24.00 2.57095328
9.00 1.17135152 7.00 -1.09534012
7.00 -2.70495666 11.00 1.70782320
21.00 -2.57460540 9.00 -0.41664848
11.00 1.05893007 18.00 1.84207623
19.00 3.03354167 5.00 -2.83958574
11.00 0.16833992 12.00 -1.81925665
19.00 0.10440654 3.00 -0.70212197
6.00 2.41198924 30.00 2.58685041
3.00 1.42701107 14.00 3.02341822
7.00 0.43773936 5.00 0.83151636
6.00 -1.71776927 14.00 0.15855967
6.00 -1.12299761 15.00 -1.20409227
9.00 -0.34665455 13.00 2.02306832
5.00 1.07805933 16.00 1.48721632
19.00 1.98349627 6.00 2.98527025
10.00 0.62189454 14.00 -0.05100492
12.00 -1.69084096 14.00 2.37859196
0.00 -2.69440120 7.00 -1.69989602
6.00 -0.24186991 14.00 0.10026783
9.00 1.81834579 14.00 -0.83754635
22.00 0.69326620 19.00 2.49341779
1.00 -2.00796641 8.00 -0.42598454
25.00 -0.54816300 18.00 -2.71789585
8.00 -2.76250758 8.00 2.06432635
12.00 2.25139305 3.00 1.37675574
11.00 -2.86195664 0.00 2.94150378
14.00 3.04155630 12.00 1.36676069
6.00 -2.84026775 10.00 2.59377610
5.00 -1.03821796 11.00 1.29479898
17.00 0.08609744 2.00 -2.94132611
5.00 0.44090765 7.00 -1.13189115
2.00 2.90757612 13.00 -2.27751456
11.00 -2.66753754 2.00 -0.75709144
13.00 0.69300968 7.00 -0.64362188
24.00 -2.53539614 8.00 0.28749774
7.00 2.21224508 5.00 -2.70446226
17.00 -2.93838193 17.00 2.48710121
7.00 0.17410332 20.00 1.22402411
11.00 -1.85868327 4.00 -1.32350829
4.00 1.42365389 16.00 -1.95349006
10.00 -0.37230189 16.00 -2.10239368
22.00 0.12424565 17.00 2.81762144
28.00 0.43110039 9.00 -1.15683780
12.00 -0.52879878 2.00 -1.73861925
11.00 1.38320413 10.00 1.07228687
12.00 2.30349909 4.00 2.17717053
2.00 -0.76976092 9.00 -2.00931241
6.00 1.80795487 1.00 2.11836166
17.00 -1.60858405 24.00 2.95699615
17.00 -0.59191929 10.00 -0.15507486
6.00 -0.25683589 22.00 0.23303809
12.00 -0.73379345 5.00 0.20466078
7.00 1.14209879 6.00 3.10266825
9.00 -0.39706402 7.00 -1.54087107
19.00 2.01131984 5.00 1.12979975
18.00 -2.20120288 0.00 -1.05108012
9.00 -2.36951831 1.00 -2.56765975
7.00 1.33181448 10.00 -1.75761120
22.00 -0.82502330 10.00 -2.30203543
12.00 2.67812164 6.00 -0.12224298
9.00 2.22777920 13.00 3.05966474
5.00 -1.44740320 22.00 0.82507464
4.00 -0.36864905 3.00 -1.90992939
5.00 -0.50111767 6.00 3.03992932
9.00 2.69881207 2.00 1.70278383
8.00 2.50938666 5.00 -0.72020334
12.00 -1.66936700 21.00 0.56973458
18.00 3.01880728 6.00 -0.36021617
17.00 -1.21116456 9.00 -0.26407276
8.00 -3.08578906 9.00 -2.18477186
12.00 0.30096722 11.00 2.65067054
12.00 -1.41431801 3.00 -1.95068683
20.00 -1.57234909 7.00 1.82210603
4.00 -0.96724892 4.00 -0.59849891
5.00 -1.22792157 22.00 -2.79406581
8.00 -1.41925417 27.00 1.00898269
16.00 2.18036695 22.00 -2.98838458
14.00 -2.59584232 11.00 1.04687161
13.00 -2.41156343 18.00 -1.87963620
3.00 0.07488657 22.00 3.09575354
10.00 2.91733171 15.00 -0.97790368
4.00 1.93540220 17.00 -1.67089713
6.00 -0.28489803 9.00 -0.42320049
3.00 -0.17653373 11.00 -1.69027674
25.00 -0.98274967 14.00 -0.30895628
9.00 2.41061415 13.00 -1.56963352
16.00 1.89355987 19.00 -1.52984584
6.00 -0.79609779 6.00 0.84858602
22.00 -0.22295234 8.00 2.09543615
12.00 2.99405376 10.00 -0.36793750
14.00 -0.22704973 8.00 -2.66507019
1.00 -2.03466957 12.00 2.27962622
6.00 -1.24467860 18.00 -2.69483526
13.00 2.67182321 13.00 -2.92794595
18.00 -2.51046290 16.00 0.26219468
3.00 1.86740869 11.00 2.32323473
2.00 1.17464021 7.00 0.67803211
10.00 0.04888392 6.00 2.30624319
2.00 2.36888166 11.00 1.08737828
3.00 0.33133815 5.00 -2.43006372
12.00 1.01273366 10.00 1.74343384
24.00 -0.96351103 32.00 0.78146783
9.00 -0.48690233 16.00 2.04840315
16.00 2.43177883 8.00 0.63165267
4.00 -2.09592083 12.00 2.34251999
13.00 -0.05568838 13.00 0.36615370
16.00 -1.55087086 4.00 0.61085999
4.00 -1.18651548 8.00 -1.33047420
15.00 1.20076033 10.00 -2.33265355
5.00 1.34046663 13.00 -1.74587896
26.00 0.65058449 16.00 -1.76472462
14.00 -0.26918869 17.00 1.91555995
6.00 -1.66211136 11.00 -1.04940894
11.00 -1.21938166 20.00 -0.06364299
15.00 3.05517147 10.00 -2.75834324
15.00 2.15326791 8.00 0.84854287
13.00 -1.50309883 10.00 -1.22148717
11.00 -2.18484126 19.00 -2.30048007
3.00 -1.35994897 18.00 2.03553471
12.00 -2.97318544 5.00 -0.34317674
8.00 -2.40346804 2.00 -3.03344675
4.00 3.08203037 15.00 -2.39318049
12.00 -0.51302896 12.00 -3.11547606
12.00 1.22152360 14.00 2.46169747
17.00 0.03171837 14.00 -0.59118173
22.00 -1.33870273 2.00 0.74861712
13.00 1.71114204 11.00 -2.12273737
18.00 -2.65101183 10.00 -1.77634462
23.00 -1.30693909 13.00 0.03003602
15.00 -1.80996797 15.00 -2.86903185
5.00 2.43843646 11.00 -0.62756060
17.00 -1.23212103 22.00 1.75203202
10.00 -2.59281065 15.00 2.13888834
9.00 -0.91943638 2.00 -0.59479335
24.00 0.62379984 15.00 2.58737556
12.00 -2.78255980 8.00 0.04744861
10.00 -0.50031627 5.00 -1.39521129
3.00 0.19175473 7.00 1.12983753
16.00 -0.58985243 7.00 -1.66604730
6.00 -2.29495804 18.00 0.15205991
2.00 -2.45539352 15.00 -1.29948175
7.00 1.58673735 5.00 2.50879931
16.00 1.48615333 12.00 -1.22917348
9.00 -1.24308826 13.00 -1.78194655
5.00 -1.21918664 11.00 2.05554886
4.00 -1.51539652 5.00 2.61331778
11.00 -2.67453808 22.00 2.39157034
11.00 -2.02524164 11.00 1.29386741
23.00 -1.42667862 10.00 0.97311880
17.00 -0.19461716 14.00 -1.96717169
16.00 -2.89753804 9.00 0.23818534
8.00 -0.20059166 20.00 0.94245386
15.00 -0.48718824 22.00 -0.62437614
16.00 -1.21093783 7.00 -2.85800821
7.00 -1.96741968 19.00 -1.40674781
18.00 -1.39471822 3.00 -1.72402874
4.00 -1.19495226 8.00 1.11471113
3.00 0.67560047 3.00 1.44757011
5.00 0.09980777 11.00 2.25687024
8.00 -1.30428688 4.00 1.23163998
6.00 -0.87168429 8.00 -1.76959521
16.00 1.49432310 9.00 0.31896067
21.00 -2.07485301 3.00 -2.29970919
14.00 -2.39480471 5.00 1.86095295
4.00 -1.95384004 7.00 -0.52290226
3.00 2.77699760 13.00 0.10648753
14.00 0.57926815 15.00 -0.41012787
21.00 -0.49705166 1.00 2.66316206
14.00 -2.32635401 16.00 -1.81447799
14.00 0.59749155 11.00 -1.92342636
13.00 -1.72395954 10.00 -0.48779703
12.00 1.73605190 2.00 0.96685764
12.00 1.77893038 13.00 0.45690641
11.00 2.01288674 9.00 -1.25451035
8.00 -0.92929484 17.00 2.34546174
15.00 -0.72028815 7.00 -0.85549091
3.00 -1.41333157 7.00 -0.77436305
5.00 1.14700972 13.00 -1.37942446
6.00 2.45835935 8.00 1.53398800
15.00 -3.01303421 14.00 2.62938023
8.00 -2.71218209 9.00 3.06635180
13.00 1.72054338 1.00 0.44188756
13.00 0.45607710 16.00 1.79631412
16.00 1.49568664 20.00 0.27575269
2.00 2.33249590 5.00 -2.24420149
15.00 -2.57909092 14.00 0.52145200
13.00 3.08913357 13.00 0.08289000
11.00 2.08818457 15.00 1.58062070
7.00 -0.35003745 1.00 0.56267762
12.00 -0.54641245 16.00 -0.33254267
10.00 -2.98663821 15.00 -2.20622500
19.00 1.83631268 15.00 0.43545377
32.00 2.81581722 20.00 -2.11001026
17.00 -2.57161914 19.00 1.21615838
5.00 -2.39275786 7.00 1.97296456
16.00 0.38194787 10.00 -1.72207931
25.00 2.83729108 9.00 2.82761203
25.00 0.07814062 3.00 1.56675769
3.00 1.60032965 27.00 -1.82790287
16.00 2.66783949 11.00 -2.49737408
12.00 0.28277879 5.00 0.49078009
20.00 -1.01007411 6.00 1.34883895
3.00 -0.82677057 9.00 -2.68401105
1.00 -3.07992858 18.00 2.22201832
6.00 1.71555927 3.00 -0.63377686
3.00 1.64716491 8.00 2.65261797
8.00 2.34213653 15.00 1.35279353
9.00 -2.36380907 4.00 1.24987498
7.00 2.06453985 23.00 -2.64792805
18.00 -0.01332436 12.00 1.82837752
11.00 1.57882613 2.00 1.63350653
11.00 -1.23683093 27.00 1.85249873
13.00 2.41758842 18.00 -0.46815094
17.00 2.82987387 10.00 0.79706202
31.00 2.64028760 18.00 2.69652942
3.00 -2.26936553 6.00 -1.61392340
2.00 -0.10431148 0.00 0.55226168
2.00 -1.26855610 9.00 -2.48599751
4.00 -1.85243530 14.00 -1.42593349
9.00 1.46462368 8.00 0.34773213
22.00 -3.05202317 16.00 -2.19765250
13.00 -2.66104186 9.00 0.38972817
15.00 0.90052053 8.00 2.05290969
8.00 1.92023774 7.00 -0.32196232
12.00 -2.28642438 16.00 -2.38812306
19.00 -2.96999196 6.00 -2.55831119
12.00 -1.58668795 8.00 -2.18876122
8.00 2.44772968 11.00 0.16588077
21.00 -2.41963719 17.00 -3.13374224
10.00 0.73974123 17.00 0.46938630
18.00 1.50487446 4.00 2.98149662
2.00 0.93681151 3.00 -3.02168551
9.00 2.81505696 21.00 -2.24694177
12.00 -0.42921618 9.00 -1.17557069
28.00 1.79244215 15.00 3.11495011
13.00 -3.01843574 11.00 -1.43349226
6.00 -0.11049275 14.00 2.61495444
26.00 0.54819222 8.00 -1.99640748
6.00 -2.81175729 6.00 -3.10418112
1.00 -3.07335701 17.00 2.26654883
32.00 2.56052709 7.00 -1.90299253
10.00 0.25011835 5.00 2.95581662
3.00 0.82593604 4.00 -1.69672874
3.00 0.03779092 8.00 -0.28042781
9.00 -2.19419606 12.00 -0.85040444
4.00 -3.09046740 8.00 -2.03542413
8.00 1.00239199 14.00 -1.50098691
17.00 -0.02300732 9.00 2.23426381
11.00 -0.20031858 5.00 -0.18697993
5.00 0.72309715 16.00 -0.14904930
19.00 1.09790358 4.00 -2.34019147
12.00 -0.81241481 18.00 -1.64699544
7.00 -0.69163672 11.00 2.98167800
16.00 1.09171739 13.00 -2.27749275
8.00 0.86342571 28.00 -1.60128550
17.00 1.57283603 12.00 -0.89015787
13.00 0.58821581 8.00 0.79779367
0.00 -0.22958065 6.00 -0.06457523
17.00 0.30760128 5.00 2.48678930
10.00 2.35655496 10.00 -1.71022611
8.00 -1.33967258 23.00 -2.93224950
2.00 2.06728845 10.00 -0.65108963
21.00 3.08685448 7.00 -1.12329758
6.00 1.22588055 20.00 2.64270952
20.00 -0.76169127 10.00 1.79352793
7.00 1.68873717 9.00 2.11393115
5.00 -2.36917537 22.00 -0.61237792
3.00 -0.28328558 14.00 0.27794884
13.00 1.80927273 1.00 -2.44486709
18.00 0.95923805 13.00 -2.48569165
8.00 0.85485055 15.00 -2.75867003
8.00 -2.54006893 5.00 1.23254058
6.00 -2.68792254 22.00 -1.62262581
10.00 -0.14021541 9.00 0.65018303
17.00 -2.11301862 11.00 -0.72773579
5.00 -0.24978823 5.00 0.72396823
4.00 2.09777388 0.00 -2.67097593
12.00 0.70336117 6.00 2.11717401
23.00 -2.88793925 12.00 -0.62447790
7.00 2.38264032 5.00 2.16134006
7.00 -2.22690807 3.00 -2.16514023
8.00 -2.41993707 3.00 -1.62778946
13.00 -0.87517502 13.00 0.07194958
10.00 -1.71535578 12.00 -1.18943344
10.00 -2.03157014 7.00 -2.46552920
8.00 1.97288947 5.00 -2.36732535
17.00 0.00443253 19.00 0.16085109
14.00 -1.42539507 12.00 1.02625606
4.00 1.23707027 10.00 -0.08666698
4.00 0.66046987 3.00 -2.73749228
11.00 1.57893091 18.00 -0.54010474
5.00 2.66780108 5.00 -0.83061008
7.00 2.10769745 4.00 2.34992385
7.00 -2.94913449 7.00 1.01631929
22.00 -0.07191878 20.00 -1.45559964
6.00 -2.88995030 13.00 -1.28583606
7.00 -1.73466346 3.00 -1.73478130
9.00 -1.27842769 10.00 0.64617806
13.00 2.02355608 0.00 -1.18002812
