21.00 -1.21145580 11.00 -1.90327619
9.00 0.35552788 9.00 3.09246644
12.00 -1.84911896 8.00 -0.97125045
6.00 -1.36299319 20.00 -0.45726818
12.00 0.01599119 2.00 0.58142403
15.00 2.38614206 8.00 0.24142615
12.00 2.45096242 3.00 -1.78631060
20.00 -0.17335300 12.00 -0.96621969
14.00 1.08751885 7.00 2.10987749
9.00 -3.13787371 11.00 -3.10485878
4.00 -0.30587323 12.00 -2.08194727
8.00 0.43281552 16.00 0.36472904
20.00 -1.40868895 14.00 1.07937489
8.00 -0.51838084 5.00 2.21609981
16.00 -0.52103144 11.00 1.09106867
3.00 2.31381183 9.00 0.14760896
4.00 3.13065164 8.00 -0.56530918
4.00 -2.97188737 7.00 2.14986831
5.00 -2.58972695 10.00 -0.59023332
1.00 -0.78908096 14.00 -1.94563007
17.00 1.61042765 20.00 -0.02096562
9.00 -1.31812642 18.00 -0.57077356
8.00 -0.57856847 9.00 1.14222270
8.00 2.57934276 6.00 -1.81480277
10.00 2.10750764 4.00 0.31583862
9.00 1.34663092 7.00 0.49690521
2.00 2.07027830 6.00 -1.89064196
10.00 -0.46592290 26.00 -2.26934546
3.00 -0.30510552 16.00 0.57254350
4.00 -3.11293912 9.00 0.44802056
18.00 1.79898403 10.00 -2.87162014
5.00 2.86695539 9.00 -2.39082578
18.00 -1.84630608 13.00 0.40528179
14.00 -2.07159488 19.00 2.19102765
14.00 -2.25801668 17.00 -1.55989064
14.00 3.13748219 15.00 2.18460951
6.00 -3.00360316 12.00 -1.10585828
15.00 2.51943693 19.00 -1.20086611
7.00 1.46895581 10.00 -1.05276631
22.00 -2.78500799 11.00 1.33250320
5.00 -0.07883277 14.00 -0.09550392
2.00 2.87686931 5.00 -2.42765320
6.00 -0.24947456 12.00 -1.59673407
6.00 -1.47372699 7.00 -0.63793067
8.00 -2.94478220 19.00 1.54450715
12.00 0.16028774 16.00 -1.43393377
5.00 -0.10863512 18.00 -0.96809869
7.00 -0.98601407 13.00 -2.57048976
23.00 -0.74494286 6.00 -2.33504020
3.00 0.00351201 14.00 -3.10300022
10.00 -0.37558007 17.00 1.63384614
5.00 2.52424811 6.00 -0.67187631
8.00 2.73812832 5.00 -2.37630388
6.00 -3.02352816 10.00 -2.51896405
16.00 -1.35493123 6.00 -1.08600828
0.00 -0.24428511 11.00 3.02685999
9.00 0.29220301 10.00 1.98038877
10.00 2.63633858 7.00 -3.11683523
18.00 0.63290708 9.00 0.82045681
10.00 -2.50925397 2.00 2.33751820
9.00 0.61750268 2.00 1.58025981
18.00 2.96696173 18.00 -2.33974739
30.00 -0.09576603 6.00 1.99813281
11.00 -3.06974576 8.00 0.39204042
13.00 2.80184946 21.00 2.55743828
18.00 0.97107105 15.00 -1.01667067
16.00 2.84306436 7.00 0.38830708
20.00 -2.45925694 17.00 -2.10850542
10.00 1.18466064 9.00 1.74524210
15.00 -1.38997569 16.00 1.00367688
7.00 -2.44357923 7.00 0.13014189
13.00 -1.08715081 16.00 1.67532502
20.00 -1.05995398 11.00 1.37526292
11.00 -0.38079285 12.00 1.38132338
7.00 1.53628132 10.00 2.03440985
3.00 1.16123927 14.00 1.70054811
13.00 1.04352673 14.00 2.99594379
13.00 1.82127966 3.00 -3.08874082
3.00 -2.21444809 7.00 2.34158459
15.00 -0.04576962 23.00 -2.18161578
18.00 2.91893179 8.00 0.64994709
11.00 -0.51680059 11.00 -0.95641336
15.00 -0.20135475 7.00 -0.58774607
11.00 0.70545353 15.00 -2.96049378
9.00 1.67810706 22.00 -0.59648239
4.00 -3.02148457 6.00 1.99590237
4.00 -1.70233524 2.00 1.28896414
10.00 -1.00874948 20.00 0.90030756
7.00 2.28356239 20.00 0.80336927
11.00 2.86874292 3.00 0.39159392
2.00 -0.38395634 12.00 -2.08631537
6.00 0.66225232 7.00 -1.76204162
10.00 2.90316756 18.00 -1.43139062
15.00 -2.93836003 19.00 -0.21705533
14.00 -1.75894540 7.00 1.35540349
10.00 3.11302960 11.00 0.04881035
15.00 2.47243948 19.00 -2.27545509
8.00 -1.00287027 17.00 -2.07980609
13.00 -0.43978945 7.00 -1.26670213
7.00 -0.99226884 15.00 -0.49622987
4.00 -0.09314022 4.00 1.76287324
7.00 1.35006724 12.00 2.22872337
3.00 2.38291462 12.00 -0.39007989
4.00 2.91252245 14.00 3.13713835
7.00 -0.30624024 16.00 0.88571355
3.00 2.20869582 12.00 -2.57435991
11.00 2.69663619 6.00 -2.89854593
10.00 0.80193741 14.00 -0.24520889
16.00 -0.42379134 8.00 2.96849046
14.00 2.72856096 2.00 0.59294381
16.00 1.56614350 20.00 -2.52556089
14.00 -2.24806490 5.00 -0.02156809
6.00 -2.60430817 22.00 -3.06570746
9.00 0.90530668 8.00 -0.59412379
15.00 2.70559419 24.00 0.00818381
10.00 2.94312423 10.00 2.90289708
5.00 -2.66077164 4.00 1.23565963
16.00 -2.57065680 12.00 -2.33992528
2.00 -0.47469068 5.00 2.23334301
3.00 -3.03706008 19.00 -2.62612745
11.00 -0.82030052 7.00 -1.53302894
9.00 2.58364884 2.00 2.36950302
8.00 -2.46697420 12.00 -2.71167720
8.00 -2.45409346 2.00 0.38871582
12.00 -2.34925887 22.00 0.08375261
14.00 -3.07553791 10.00 1.61638689
3.00 0.12201977 2.00 -1.88722873
13.00 1.54609089 6.00 0.34285782
