5.00 2.93991007 15.00 2.96679361
14.00 -0.24153877 16.00 2.55314475
15.00 2.65306041 6.00 1.11112525
7.00 2.01844794 7.00 -0.89928989
7.00 1.72781019 11.00 2.70263286
19.00 -0.20026013 20.00 -1.28518221
9.00 1.28499471 4.00 0.81200817
22.00 2.33369841 26.00 2.23675626
23.00 -2.56724230 3.00 -0.16788710
13.00 1.92676139 2.00 -1.31623362
14.00 -0.50638290 3.00 0.35395924
7.00 -0.71482224 22.00 3.04998925
14.00 2.30374075 14.00 1.96846171
2.00 -0.57246016 7.00 0.76504902
8.00 1.85877174 17.00 -2.51818904
10.00 -1.28304700 8.00 -0.62929428
12.00 -2.37926019 10.00 2.15856136
11.00 -0.42787075 4.00 -3.05335631
19.00 1.54335798 18.00 -2.62026746
5.00 2.87248620 14.00 2.08407529
6.00 -1.00888232 13.00 -1.56402173
5.00 1.80553376 8.00 -0.30222200
14.00 2.32837870 8.00 -0.70807436
3.00 1.57827255 13.00 -2.08373176
13.00 2.42648618 10.00 -0.26705180
6.00 -1.28811462 15.00 2.80012559
14.00 0.12008893 19.00 1.81013696
23.00 -1.61403186 27.00 0.52349780
10.00 3.04341840 9.00 -1.75874071
11.00 1.33024440 10.00 2.78895678
12.00 -0.18356913 24.00 2.15416854
10.00 3.06213421 17.00 0.98207045
15.00 -2.42044456 8.00 -2.20176431
15.00 -2.43314905 13.00 -1.30369376
1.00 -0.99580119 8.00 1.62820686
5.00 1.39780835 12.00 -3.10960975
3.00 2.90520646 16.00 0.92092932
12.00 0.88724217 14.00 -2.06022978
2.00 0.88494687 13.00 2.07500439
5.00 0.83186147 7.00 0.96222351
15.00 3.11787511 12.00 -2.15087767
7.00 -2.71448256 18.00 1.22710491
2.00 2.26619115 10.00 2.99570463
3.00 2.92359721 11.00 1.12142460
12.00 3.11794012 5.00 0.59294526
23.00 -2.27002459 10.00 -2.83287370
8.00 1.86120598 20.00 0.17690046
19.00 -1.17696621 4.00 -2.57274811
20.00 -1.24251289 2.00 2.20280833
16.00 2.98757719 9.00 -1.53728274
9.00 2.81085519 8.00 -2.24939766
7.00 -1.87174931 12.00 2.04385856
19.00 0.46763255 20.00 -0.03767942
11.00 0.70891934 9.00 1.36662091
20.00 2.44177514 7.00 -2.48537578
10.00 -2.02837913 28.00 -1.90867385
8.00 -2.61562318 10.00 1.58897169
14.00 -1.87023642 24.00 0.02472644
26.00 -2.79923212 17.00 1.52539473
14.00 1.65069663 14.00 0.40651076
10.00 -2.60083622 17.00 -1.00040165
6.00 -0.32131147 11.00 -1.23635328
17.00 -1.69801588 12.00 0.80879273
3.00 -1.74973603 11.00 1.29742851
19.00 0.57196850 18.00 -0.34815227
3.00 -0.05025113 7.00 -1.34301384
6.00 -0.82267632 10.00 -1.76008333
8.00 2.05857178 7.00 -1.79923936
6.00 0.37065451 7.00 -0.21003781
1.00 2.90066132 15.00 -0.61124835
5.00 1.01374824 9.00 1.61075724
13.00 2.65264948 17.00 -3.06569950
11.00 -1.88406905 6.00 2.40014956
8.00 -0.91575675 19.00 -0.95417732
23.00 1.26141043 21.00 1.47140295
3.00 2.07030786 7.00 2.20823987
5.00 -2.91390619 21.00 2.87526587
15.00 1.30461060 9.00 -0.96343846
17.00 -0.52743283 11.00 2.02305866
8.00 -1.81299667 12.00 1.85523137
12.00 -0.19309973 7.00 -0.96388724
10.00 -0.60912518 7.00 -2.43997376
8.00 -1.81470628 16.00 2.26943926
6.00 -0.22454072 2.00 2.16064634
17.00 -2.96280208 10.00 1.61817490
3.00 1.29251671 11.00 0.07641348
15.00 0.47440047 13.00 -0.58034819
18.00 3.03510923 4.00 -0.85680249
19.00 0.81111820 9.00 2.77924265
7.00 -1.67749165 14.00 0.22386930
19.00 -1.76342342 12.00 -0.88797551
12.00 2.31554288 3.00 -0.66540012
6.00 2.60887558 7.00 -1.32774120
5.00 -1.34500670 8.00 1.63511605
14.00 -2.82977668 4.00 -1.52966073
11.00 -2.14231758 3.00 1.02040226
12.00 -0.71697920 3.00 0.79996328
25.00 -0.82663714 17.00 -1.73733488
15.00 -2.02871173 14.00 1.00203013
5.00 1.67119243 18.00 -2.68570802
5.00 1.75515086 16.00 0.37678673
10.00 -0.71109972 6.00 1.75748251
13.00 1.04548599 7.00 -0.98311519
19.00 1.55084609 14.00 2.70215797
28.00 0.22991660 2.00 2.12013935
30.00 2.25929134 6.00 2.23778442
12.00 1.55679758 13.00 -0.87656966
0.00 -2.78295774 8.00 1.36245227
3.00 2.90350938 11.00 -2.52966441
3.00 0.82729106 7.00 -1.94792866
6.00 0.66960507 11.00 -2.86008336
5.00 3.09971998 5.00 0.27086702
6.00 2.68516765 9.00 -3.00022762
10.00 -0.16048837 6.00 0.75763014
10.00 2.22537874 12.00 -2.40729625
13.00 -2.42611788 5.00 -2.94775194
1.00 -1.46171498 14.00 1.58798936
8.00 0.45529665 6.00 -0.33218935
9.00 -1.30608905 10.00 -0.02419133
9.00 -1.62186329 11.00 2.29056481
14.00 2.59641461 17.00 -2.59954017
4.00 1.92969292 16.00 -1.60888097
2.00 1.73633927 15.00 1.88497966
8.00 -2.46398485 11.00 -1.39195373
16.00 -2.67683780 4.00 0.83930864
9.00 -2.13045255 18.00 -0.44602803
0.00 2.40276872 7.00 -1.79952587
15.00 -0.96639549 8.00 1.52852199
4.00 0.87848919 15.00 -3.03538457
13.00 -0.85694002 21.00 1.35005684
15.00 2.73128245 5.00 0.09080404
11.00 1.96207966 10.00 0.34817992
6.00 -1.37992232 15.00 -0.90071303
13.00 0.06099115 8.00 -1.99030811
25.00 -1.81663584 9.00 -0.23236646
6.00 1.86762157 14.00 0.00239903
26.00 0.11249551 6.00 -1.44396780
5.00 -3.01473842 15.00 -0.12208933
3.00 1.94121170 6.00 -0.58546884
10.00 2.21296511 17.00 -2.72482913
11.00 -1.45022351 21.00 -2.91873144
8.00 2.25995689 4.00 -2.05111940
5.00 -2.17195750 17.00 -1.95371786
24.00 0.93988343 19.00 0.07738186
18.00 2.87357096 13.00 1.22683417
13.00 0.12835804 3.00 0.98492786
10.00 1.54830631 16.00 2.73021767
11.00 -0.93318083 3.00 -0.03033501
8.00 1.42991110 16.00 -2.86307643
2.00 -1.41161021 15.00 2.00776428
8.00 -0.21049855 6.00 0.42570394
9.00 -0.65084196 8.00 1.57649002
10.00 -2.24662283 17.00 1.07764242
5.00 2.38294688 8.00 2.17907035
5.00 1.07811733 11.00 -2.61239443
10.00 -2.92353806 14.00 -0.63235527
3.00 -2.89371885 7.00 -1.65740653
17.00 0.94587694 23.00 -0.95273114
4.00 -1.99225820 8.00 0.02671584
11.00 0.32430860 10.00 -2.04334702
7.00 1.77671662 9.00 0.69846887
6.00 1.46968624 15.00 1.63317344
8.00 -2.31874946 10.00 0.84146153
12.00 -2.42379891 19.00 -0.72969920
5.00 -3.11511998 5.00 -2.22117401
11.00 -2.29516796 8.00 -1.40267068
7.00 -2.09104405 8.00 2.95284203
6.00 -2.75811026 16.00 -1.67136924
20.00 -2.83253561 10.00 0.72013845
19.00 2.44231886 7.00 -1.36174569
5.00 -0.89351959 9.00 -1.57707382
8.00 -0.27522347 7.00 -2.54654451
13.00 -2.53354113 16.00 -1.58852013
8.00 -0.36566045 16.00 0.11761004
9.00 -1.09103889 8.00 -2.01171692
5.00 -0.04850031 11.00 -2.89073155
4.00 -1.62319184 18.00 -0.09243516
5.00 -2.27231206 39.00 0.85918665
19.00 1.00396181 4.00 -2.08072044
13.00 2.04578671 4.00 -2.63400728
8.00 -1.95036987 9.00 2.70812841
15.00 -2.55169565 3.00 2.33298221
9.00 -1.88762318 5.00 0.85672235
5.00 -0.26896149 21.00 -2.16922930
19.00 -1.88749000 9.00 2.25909167
12.00 -3.02302690 13.00 2.76688251
8.00 -2.57794002 22.00 -2.48335151
9.00 1.07648278 20.00 2.23894973
14.00 -2.15718684 5.00 -2.04687714
11.00 -1.96956366 9.00 -2.67089109
17.00 2.98855863 11.00 -0.12153656
13.00 1.95774890 13.00 -1.02065198
3.00 2.02361470 5.00 1.06518039
10.00 0.46547510 11.00 0.35523051
5.00 0.20331444 11.00 -1.72208973
5.00 -1.36434151 2.00 1.13840467
18.00 0.78209025 2.00 -2.79241976
21.00 2.30080922 6.00 -1.96048650
13.00 -0.87202994 11.00 2.45939187
6.00 -1.61489800 12.00 -1.17803285
11.00 -2.86380185 2.00 -1.52918533
16.00 0.80596944 10.00 -0.81472281
21.00 -2.84845733 14.00 -0.57714861
14.00 -2.44076467 18.00 -0.15036342
3.00 -0.44250106 14.00 0.31401669
15.00 -1.67376981 9.00 1.17138980
17.00 -1.37158789 6.00 -1.32527889
10.00 2.65233937 3.00 -1.05614168
6.00 -0.18108578 17.00 2.12510118
10.00 2.53875705 28.00 1.06872110
20.00 0.70633346 0.00 -2.60102010
16.00 -0.77665125 8.00 2.43468862
17.00 2.31225444 12.00 0.73616608
10.00 -2.02156503 13.00 -2.81235804
7.00 2.57758239 11.00 2.27101735
9.00 -0.65684767 9.00 -2.42733818
9.00 -2.86311047 7.00 -1.32605979
9.00 -1.07574805 2.00 -2.21770706
16.00 -1.30487866 29.00 -2.08908354
6.00 -1.34924018 8.00 0.75095165
13.00 0.05918681 4.00 0.46589214
4.00 -0.51597317 7.00 1.76476152
9.00 0.90468272 12.00 -2.71071728
12.00 -0.30946868 4.00 1.90671827
10.00 1.59008338 5.00 0.69138652
10.00 -0.72892869 7.00 -1.45643876
11.00 -1.81833068 7.00 -1.82997607
8.00 1.42013311 14.00 0.30397073
19.00 -2.50145937 5.00 2.81176378
11.00 -1.72384192 3.00 0.64954124
1.00 -2.18173801 14.00 0.77555493
14.00 -2.32131343 15.00 0.23717364
4.00 -2.54435091 22.00 0.56192156
11.00 1.60462720 13.00 -3.08552286
8.00 1.55359457 14.00 0.50170015
10.00 1.91163235 25.00 -2.19489429
2.00 1.03845568 10.00 -0.06914801
18.00 -1.28331718 6.00 -0.34809065
1.00 1.88259271 6.00 -2.44044980
14.00 2.54979683 2.00 -2.60800146
20.00 -2.78026049 3.00 0.12483955
16.00 -1.79612658 4.00 -0.43239157
7.00 -1.86022455 7.00 1.02249435
12.00 1.68784410 2.00 0.47912921
7.00 3.05121975 5.00 2.95688325
6.00 -2.09597782 8.00 -0.71289653
3.00 2.22505994 4.00 -2.23016860
20.00 -2.15235247 1.00 0.28691084
15.00 -2.81208612 16.00 -0.98779615
14.00 0.05171424 3.00 -3.05197086
20.00 -0.72070571 19.00 3.03105859
8.00 2.18491848 16.00 -0.02337582
14.00 2.58099358 6.00 -2.41933044
1.00 -0.09926783 1.00 -2.10268020
6.00 -2.34739083 31.00 2.33029458
19.00 0.09933519 16.00 -0.04397914
